0.0
2874.0
5748.0
8622.0
11496.0
14370.0
17244.0
20118.0
22992.0
25866.0
28740.0
31614.0
34488.0
37362.0
40236.0
43110.0
45984.0
48858.0
51732.0
54606.0
57480.0
60354.0
63228.0
66102.0
68976.0
71850.0
74724.0
77598.0
80472.0
83346.0
86220.0
89094.0
91968.0
94842.0
97716.0
100590.0
103464.0
106338.0
109212.0
112086.0
114960.0
117834.0
120708.0
123582.0
126456.0
129330.0
132204.0
135078.0
137952.0
140826.0
143700.0
146574.0
149448.0
152322.0
155196.0
158070.0
160944.0
163818.0
166692.0
169566.0
172440.0
175314.0
178188.0
181062.0
183936.0
186810.0
189684.0
192558.0
195432.0
198306.0
201180.0
204054.0
206928.0
209802.0
212676.0
215550.0
218424.0
221298.0
224172.0
227046.0
229920.0
232794.0
235668.0
238542.0
241416.0
244290.0
247164.0
250038.0
252912.0
255786.0
258660.0
261534.0
264408.0
267282.0
270156.0
273030.0
275904.0
278778.0
281652.0
284526.0
287400.0
290274.0
293148.0
296022.0
298896.0
301770.0
304644.0
307518.0
310392.0
313266.0
316140.0
319014.0
321888.0
324762.0
327636.0
330510.0
333384.0
336258.0
339132.0
342006.0
344880.0
347754.0
350628.0
353502.0
356376.0
359250.0
362124.0
364998.0
367872.0
370746.0
373620.0
376494.0
379368.0
382242.0
385116.0
387990.0
390864.0
393738.0
396612.0
399486.0
402360.0
405234.0
408108.0
410982.0
413856.0
416730.0
419604.0
422478.0
425352.0
428226.0
431100.0
433974.0
436848.0
439722.0
442596.0
445470.0
448344.0
451218.0
454092.0
456966.0
459840.0
462714.0
465588.0
468462.0
471336.0
474210.0
477084.0
479958.0
482832.0
485706.0
488580.0
491454.0
494328.0
497202.0
500076.0
502950.0
505824.0
508698.0
511572.0
514446.0
517320.0
520194.0
523068.0
525942.0
528816.0
531690.0
534564.0
537438.0
540312.0
543186.0
546060.0
548934.0
551808.0
554682.0
557556.0
560430.0
563304.0
566178.0
569052.0
571926.0
574800.0
577674.0
580548.0
583422.0
586296.0
589170.0
592044.0
594918.0
597792.0
600666.0
603540.0
606414.0
609288.0
612162.0
615036.0
617910.0
620784.0
623658.0
626532.0
629406.0
632280.0
635154.0
638028.0
640902.0
643776.0
646650.0
649524.0
652398.0
655272.0
658146.0
661020.0
663894.0
666768.0
669642.0
672516.0
675390.0
678264.0
681138.0
684012.0
686886.0
689760.0
692634.0
695508.0
698382.0
701256.0
704130.0
707004.0
709878.0
712752.0
715626.0
718500.0
721374.0
724248.0
727122.0
729996.0
732870.0
735744.0
738618.0
741492.0
744366.0
747240.0
750114.0
752988.0
755862.0
758736.0
761610.0
764484.0
767358.0
770232.0
773106.0
775980.0
778854.0
781728.0
784602.0
787476.0
790350.0
793224.0
796098.0
798972.0
801846.0
804720.0
807594.0
810468.0
813342.0
816216.0
819090.0
821964.0
824838.0
827712.0
830586.0
833460.0
836334.0
839208.0
842082.0
844956.0
847830.0
850704.0
853578.0
856452.0
859326.0
862200.0
865074.0
867948.0
870822.0
873696.0
876570.0
879444.0
882318.0
885192.0
888066.0
890940.0
893814.0
896688.0
899562.0
902436.0
905310.0
908184.0
911058.0
913932.0
916806.0
919680.0
922554.0
925428.0
928302.0
931176.0
934050.0
936924.0
939798.0
942672.0
945546.0
948420.0
951294.0
954168.0
957042.0
959916.0
962790.0
965664.0
968538.0
971412.0
974286.0
977160.0
980034.0
982908.0
985782.0
988656.0
991530.0
994404.0
997278.0
1000152.0
1003026.0
1005900.0
1008774.0
1011648.0
1014522.0
1017396.0
1020270.0
1023144.0
1026018.0
1028892.0
1031766.0
1034640.0
1037514.0
1040388.0
1043262.0
1046136.0
1049010.0
1051884.0
1054758.0
1057632.0
1060506.0
1063380.0
1066254.0
1069128.0
1072002.0
1074876.0
1077750.0
1080624.0
1083498.0
1086372.0
1089246.0
1092120.0
1094994.0
1097868.0
1100742.0
1103616.0
1106490.0
1109364.0
1112238.0
1115112.0
1117986.0
1120860.0
1123734.0
1126608.0
1129482.0
1132356.0
1135230.0
1138104.0
1140978.0
1143852.0
1146726.0
1149600.0
1152474.0
1155348.0
1158222.0
1161096.0
1163970.0
1166844.0
1169718.0
1172592.0
1175466.0
1178340.0
1181214.0
1184088.0
1186962.0
1189836.0
1192710.0
1195584.0
1198458.0
1201332.0
1204206.0
1207080.0
1209954.0
1212828.0
1215702.0
1218576.0
1221450.0
1224324.0
1227198.0
1230072.0
1232946.0
1235820.0
1238694.0
1241568.0
1244442.0
1247316.0
1250190.0
1253064.0
1255938.0
1258812.0
1261686.0
1264560.0
1267434.0
1270308.0
1273182.0
1276056.0
1278930.0
1281804.0
1284678.0
1287552.0
1290426.0
1293300.0
1296174.0
1299048.0
1301922.0
1304796.0
1307670.0
1310544.0
1313418.0
1316292.0
1319166.0
1322040.0
1324914.0
1327788.0
1330662.0
1333536.0
1336410.0
1339284.0
1342158.0
1345032.0
1347906.0
1350780.0
1353654.0
1356528.0
1359402.0
1362276.0
1365150.0
1368024.0
1370898.0
1373772.0
1376646.0
1379520.0
1382394.0
1385268.0
1388142.0
1391016.0
1393890.0
1396764.0
1399638.0
1402512.0
1405386.0
1408260.0
1411134.0
1414008.0
1416882.0
1419756.0
1422630.0
1425504.0
1428378.0
1431252.0
1434126.0
1437000.0
1439874.0
1442748.0
1445622.0
1448496.0
1451370.0
1454244.0
1457118.0
1459992.0
1462866.0
1465740.0
1468614.0
1471488.0
1474362.0
1477236.0
1480110.0
1482984.0
1485858.0
1488732.0
1491606.0
1494480.0
1497354.0
1500228.0
1503102.0
1505976.0
1508850.0
1511724.0
1514598.0
1517472.0
1520346.0
1523220.0
1526094.0
1528968.0
1531842.0
1534716.0
1537590.0
1540464.0
1543338.0
1546212.0
1549086.0
1551960.0
1554834.0
1557708.0
1560582.0
1563456.0
1566330.0
1569204.0
1572078.0
1574952.0
1577826.0
1580700.0
1583574.0
1586448.0
1589322.0
1592196.0
1595070.0
1597944.0
1600818.0
1603692.0
1606566.0
1609440.0
1612314.0
1615188.0
1618062.0
1620936.0
1623810.0
1626684.0
1629558.0
1632432.0
1635306.0
1638180.0
1641054.0
1643928.0
1646802.0
1649676.0
1652550.0
1655424.0
1658298.0
1661172.0
1664046.0
1666920.0
1669794.0
1672668.0
1675542.0
1678416.0
1681290.0
1684164.0
1687038.0
1689912.0
1692786.0
1695660.0
1698534.0
1701408.0
1704282.0
1707156.0
1710030.0
1712904.0
1715778.0
1718652.0
1721526.0
1724400.0
1727274.0
1730148.0
1733022.0
1735896.0
1738770.0
1741644.0
1744518.0
1747392.0
1750266.0
1753140.0
1756014.0
1758888.0
1761762.0
1764636.0
1767510.0
1770384.0
1773258.0
1776132.0
1779006.0
1781880.0
1784754.0
1787628.0
1790502.0
1793376.0
1796250.0
1799124.0
1801998.0
1804872.0
1807746.0
1810620.0
1813494.0
1816368.0
1819242.0
1822116.0
1824990.0
1827864.0
1830738.0
1833612.0
1836486.0
1839360.0
1842234.0
1845108.0
1847982.0
1850856.0
1853730.0
1856604.0
1859478.0
1862352.0
1865226.0
1868100.0
1870974.0
1873848.0
1876722.0
1879596.0
1882470.0
1885344.0
1888218.0
1891092.0
1893966.0
1896840.0
1899714.0
1902588.0
1905462.0
1908336.0
1911210.0
1914084.0
1916958.0
1919832.0
1922706.0
1925580.0
1928454.0
1931328.0
1934202.0
1937076.0
1939950.0
1942824.0
1945698.0
1948572.0
1951446.0
1954320.0
1957194.0
1960068.0
1962942.0
1965816.0
1968690.0
1971564.0
1974438.0
1977312.0
1980186.0
1983060.0
1985934.0
1988808.0
1991682.0
1994556.0
1997430.0
2000304.0
2003178.0
2006052.0
2008926.0
2011800.0
2014674.0
2017548.0
2020422.0
2023296.0
2026170.0
2029044.0
2031918.0
2034792.0
2037666.0
2040540.0
2043414.0
2046288.0
2049162.0
2052036.0
2054910.0
2057784.0
2060658.0
2063532.0
2066406.0
2069280.0
2072154.0
2075028.0
2077902.0
2080776.0
2083650.0
2086524.0
2089398.0
2092272.0
2095146.0
2098020.0
2100894.0
2103768.0
2106642.0
2109516.0
2112390.0
2115264.0
2118138.0
2121012.0
2123886.0
2126760.0
2129634.0
2132508.0
2135382.0
2138256.0
2141130.0
2144004.0
2146878.0
2149752.0
2152626.0
2155500.0
2158374.0
2161248.0
2164122.0
2166996.0
2169870.0
2172744.0
2175618.0
2178492.0
2181366.0
2184240.0
2187114.0
2189988.0
2192862.0
2195736.0
2198610.0
2201484.0
2204358.0
2207232.0
2210106.0
2212980.0
2215854.0
2218728.0
2221602.0
2224476.0
2227350.0
2230224.0
2233098.0
2235972.0
2238846.0
2241720.0
2244594.0
2247468.0
2250342.0
2253216.0
2256090.0
2258964.0
2261838.0
2264712.0
2267586.0
2270460.0
2273334.0
2276208.0
2279082.0
2281956.0
2284830.0
2287704.0
2290578.0
2293452.0
2296326.0
2299200.0
2302074.0
2304948.0
2307822.0
2310696.0
2313570.0
2316444.0
2319318.0
2322192.0
2325066.0
2327940.0
2330814.0
2333688.0
2336562.0
2339436.0
2342310.0
2345184.0
2348058.0
2350932.0
2353806.0
2356680.0
2359554.0
2362428.0
2365302.0
2368176.0
2371050.0
2373924.0
2376798.0
2379672.0
2382546.0
2385420.0
2388294.0
2391168.0
2394042.0
2396916.0
2399790.0
2402664.0
2405538.0
2408412.0
2411286.0
2414160.0
2417034.0
2419908.0
2422782.0
2425656.0
2428530.0
2431404.0
2434278.0
2437152.0
2440026.0
2442900.0
2445774.0
2448648.0
2451522.0
2454396.0
2457270.0
2460144.0
2463018.0
2465892.0
2468766.0
2471640.0
2474514.0
2477388.0
2480262.0
2483136.0
2486010.0
2488884.0
2491758.0
2494632.0
2497506.0
2500380.0
2503254.0
2506128.0
2509002.0
2511876.0
2514750.0
2517624.0
2520498.0
2523372.0
2526246.0
2529120.0
2531994.0
2534868.0
2537742.0
2540616.0
2543490.0
2546364.0
2549238.0
2552112.0
2554986.0
2557860.0
2560734.0
2563608.0
2566482.0
2569356.0
2572230.0
2575104.0
2577978.0
2580852.0
2583726.0
2586600.0
2589474.0
2592348.0
2595222.0
2598096.0
2600970.0
2603844.0
2606718.0
2609592.0
2612466.0
2615340.0
2618214.0
2621088.0
2623962.0
2626836.0
2629710.0
2632584.0
2635458.0
2638332.0
2641206.0
2644080.0
2646954.0
2649828.0
2652702.0
2655576.0
2658450.0
2661324.0
2664198.0
2667072.0
2669946.0
2672820.0
2675694.0
2678568.0
2681442.0
2684316.0
2687190.0
2690064.0
2692938.0
2695812.0
2698686.0
2701560.0
2704434.0
2707308.0
2710182.0
2713056.0
2715930.0
2718804.0
2721678.0
2724552.0
2727426.0
2730300.0
2733174.0
2736048.0
2738922.0
2741796.0
2744670.0
2747544.0
2750418.0
2753292.0
2756166.0
2759040.0
2761914.0
2764788.0
2767662.0
2770536.0
2773410.0
2776284.0
2779158.0
2782032.0
2784906.0
2787780.0
2790654.0
2793528.0
2796402.0
2799276.0
2802150.0
2805024.0
2807898.0
2810772.0
2813646.0
2816520.0
2819394.0
2822268.0
2825142.0
2828016.0
2830890.0
2833764.0
2836638.0
2839512.0
2842386.0
2845260.0
2848134.0
2851008.0
2853882.0
2856756.0
2859630.0
2862504.0
2865378.0
2868252.0
2871126.0
2874000.0
2876874.0
2879748.0
2882622.0
2885496.0
2888370.0
2891244.0
2894118.0
2896992.0
2899866.0
2902740.0
2905614.0
2908488.0
2911362.0
2914236.0
2917110.0
2919984.0
2922858.0
2925732.0
2928606.0
2931480.0
2934354.0
2937228.0
2940102.0
2942976.0
2945850.0
2948724.0
2951598.0
2954472.0
2957346.0
2960220.0
2963094.0
2965968.0
2968842.0
2971716.0
2974590.0
2977464.0
2980338.0
2983212.0
2986086.0
2988960.0
2991834.0
2994708.0
2997582.0
3000456.0
3003330.0
3006204.0
3009078.0
3011952.0
3014826.0
3017700.0
3020574.0
3023448.0
3026322.0
3029196.0
3032070.0
3034944.0
3037818.0
3040692.0
3043566.0
3046440.0
3049314.0
3052188.0
3055062.0
3057936.0
3060810.0
3063684.0
3066558.0
3069432.0
3072306.0
3075180.0
3078054.0
3080928.0
3083802.0
3086676.0
3089550.0
3092424.0
3095298.0
3098172.0
3101046.0
3103920.0
3106794.0
3109668.0
3112542.0
3115416.0
3118290.0
3121164.0
3124038.0
3126912.0
3129786.0
3132660.0
3135534.0
3138408.0
3141282.0
3144156.0
3147030.0
3149904.0
3152778.0
3155652.0
3158526.0
3161400.0
3164274.0
3167148.0
3170022.0
3172896.0
3175770.0
3178644.0
3181518.0
3184392.0
3187266.0
3190140.0
3193014.0
3195888.0
3198762.0
3201636.0
3204510.0
3207384.0
3210258.0
3213132.0
3216006.0
3218880.0
3221754.0
3224628.0
3227502.0
3230376.0
3233250.0
3236124.0
3238998.0
3241872.0
3244746.0
3247620.0
3250494.0
3253368.0
3256242.0
3259116.0
3261990.0
3264864.0
3267738.0
3270612.0
3273486.0
3276360.0
3279234.0
3282108.0
3284982.0
3287856.0
3290730.0
3293604.0
3296478.0
3299352.0
3302226.0
3305100.0
3307974.0
3310848.0
3313722.0
3316596.0
3319470.0
3322344.0
3325218.0
3328092.0
3330966.0
3333840.0
3336714.0
3339588.0
3342462.0
3345336.0
3348210.0
3351084.0
3353958.0
3356832.0
3359706.0
3362580.0
3365454.0
3368328.0
3371202.0
3374076.0
3376950.0
3379824.0
3382698.0
3385572.0
3388446.0
3391320.0
3394194.0
3397068.0
3399942.0
3402816.0
3405690.0
3408564.0
3411438.0
3414312.0
3417186.0
3420060.0
3422934.0
3425808.0
3428682.0
3431556.0
3434430.0
3437304.0
3440178.0
3443052.0
3445926.0
3448800.0
3451674.0
3454548.0
3457422.0
3460296.0
3463170.0
3466044.0
3468918.0
3471792.0
3474666.0
3477540.0
3480414.0
3483288.0
3486162.0
3489036.0
3491910.0
3494784.0
3497658.0
3500532.0
3503406.0
3506280.0
3509154.0
3512028.0
3514902.0
3517776.0
3520650.0
3523524.0
3526398.0
3529272.0
3532146.0
3535020.0
3537894.0
3540768.0
3543642.0
3546516.0
3549390.0
3552264.0
3555138.0
3558012.0
3560886.0
3563760.0
3566634.0
3569508.0
3572382.0
3575256.0
3578130.0
3581004.0
3583878.0
3586752.0
3589626.0
3592500.0
3595374.0
3598248.0
3601122.0
3603996.0
3606870.0
3609744.0
3612618.0
3615492.0
3618366.0
3621240.0
3624114.0
3626988.0
3629862.0
3632736.0
3635610.0
3638484.0
3641358.0
3644232.0
3647106.0
3649980.0
3652854.0
3655728.0
3658602.0
3661476.0
3664350.0
3667224.0
3670098.0
3672972.0
3675846.0
3678720.0
3681594.0
3684468.0
3687342.0
3690216.0
3693090.0
3695964.0
3698838.0
3701712.0
3704586.0
3707460.0
3710334.0
3713208.0
3716082.0
3718956.0
3721830.0
3724704.0
3727578.0
3730452.0
3733326.0
3736200.0
3739074.0
3741948.0
3744822.0
3747696.0
3750570.0
3753444.0
3756318.0
3759192.0
3762066.0
3764940.0
3767814.0
3770688.0
3773562.0
3776436.0
3779310.0
3782184.0
3785058.0
3787932.0
3790806.0
3793680.0
3796554.0
3799428.0
3802302.0
3805176.0
3808050.0
3810924.0
3813798.0
3816672.0
3819546.0
3822420.0
3825294.0
3828168.0
3831042.0
3833916.0
3836790.0
3839664.0
3842538.0
3845412.0
3848286.0
3851160.0
3854034.0
3856908.0
3859782.0
3862656.0
3865530.0
3868404.0
3871278.0
3874152.0
3877026.0
3879900.0
3882774.0
3885648.0
3888522.0
3891396.0
3894270.0
3897144.0
3900018.0
3902892.0
3905766.0
3908640.0
3911514.0
3914388.0
3917262.0
3920136.0
3923010.0
3925884.0
3928758.0
3931632.0
3934506.0
3937380.0
3940254.0
3943128.0
3946002.0
3948876.0
3951750.0
3954624.0
3957498.0
3960372.0
3963246.0
3966120.0
3968994.0
3971868.0
3974742.0
3977616.0
3980490.0
3983364.0
3986238.0
3989112.0
3991986.0
3994860.0
3997734.0
4000608.0
4003482.0
4006356.0
4009230.0
4012104.0
4014978.0
4017852.0
4020726.0
4023600.0
4026474.0
4029348.0
4032222.0
4035096.0
4037970.0
4040844.0
4043718.0
4046592.0
4049466.0
4052340.0
4055214.0
4058088.0
4060962.0
4063836.0
4066710.0
4069584.0
4072458.0
4075332.0
4078206.0
4081080.0
4083954.0
4086828.0
4089702.0
4092576.0
4095450.0
4098324.0
4101198.0
4104072.0
4106946.0
4109820.0
4112694.0
4115568.0
4118442.0
4121316.0
4124190.0
4127064.0
4129938.0
4132812.0
4135686.0
4138560.0
4141434.0
4144308.0
4147182.0
4150056.0
4152930.0
4155804.0
4158678.0
4161552.0
4164426.0
4167300.0
4170174.0
4173048.0
4175922.0
4178796.0
4181670.0
4184544.0
4187418.0
4190292.0
4193166.0
4196040.0
4198914.0
4201788.0
4204662.0
4207536.0
4210410.0
4213284.0
4216158.0
4219032.0
4221906.0
4224780.0
4227654.0
4230528.0
4233402.0
4236276.0
4239150.0
4242024.0
4244898.0
4247772.0
4250646.0
4253520.0
4256394.0
4259268.0
4262142.0
4265016.0
4267890.0
4270764.0
4273638.0
4276512.0
4279386.0
4282260.0
4285134.0
4288008.0
4290882.0
4293756.0
4296630.0
4299504.0
4302378.0
4305252.0
4308126.0
4311000.0
4313874.0
4316748.0
4319622.0
4322496.0
4325370.0
4328244.0
4331118.0
4333992.0
4336866.0
4339740.0
4342614.0
4345488.0
4348362.0
4351236.0
4354110.0
4356984.0
4359858.0
4362732.0
4365606.0
4368480.0
4371354.0
4374228.0
4377102.0
4379976.0
4382850.0
4385724.0
4388598.0
4391472.0
4394346.0
4397220.0
4400094.0
4402968.0
4405842.0
4408716.0
4411590.0
4414464.0
4417338.0
4420212.0
4423086.0
4425960.0
4428834.0
4431708.0
4434582.0
4437456.0
4440330.0
4443204.0
4446078.0
4448952.0
4451826.0
4454700.0
4457574.0
4460448.0
4463322.0
4466196.0
4469070.0
4471944.0
4474818.0
4477692.0
4480566.0
4483440.0
4486314.0
4489188.0
4492062.0
4494936.0
4497810.0
4500684.0
4503558.0
4506432.0
4509306.0
4512180.0
4515054.0
4517928.0
4520802.0
4523676.0
4526550.0
4529424.0
4532298.0
4535172.0
4538046.0
4540920.0
4543794.0
4546668.0
4549542.0
4552416.0
4555290.0
4558164.0
4561038.0
4563912.0
4566786.0
4569660.0
4572534.0
4575408.0
4578282.0
4581156.0
4584030.0
4586904.0
4589778.0
4592652.0
4595526.0
4598400.0
4601274.0
4604148.0
4607022.0
4609896.0
4612770.0
4615644.0
4618518.0
4621392.0
4624266.0
4627140.0
4630014.0
4632888.0
4635762.0
4638636.0
4641510.0
4644384.0
4647258.0
4650132.0
4653006.0
4655880.0
4658754.0
4661628.0
4664502.0
4667376.0
4670250.0
4673124.0
4675998.0
4678872.0
4681746.0
4684620.0
4687494.0
4690368.0
4693242.0
4696116.0
4698990.0
4701864.0
4704738.0
4707612.0
4710486.0
4713360.0
4716234.0
4719108.0
4721982.0
4724856.0
4727730.0
4730604.0
4733478.0
4736352.0
4739226.0
4742100.0
4744974.0
4747848.0
4750722.0
4753596.0
4756470.0
4759344.0
4762218.0
4765092.0
4767966.0
4770840.0
4773714.0
4776588.0
4779462.0
4782336.0
4785210.0
4788084.0
4790958.0
4793832.0
4796706.0
4799580.0
4802454.0
4805328.0
4808202.0
4811076.0
4813950.0
4816824.0
4819698.0
4822572.0
4825446.0
4828320.0
4831194.0
4834068.0
4836942.0
4839816.0
4842690.0
4845564.0
4848438.0
4851312.0
4854186.0
4857060.0
4859934.0
4862808.0
4865682.0
4868556.0
4871430.0
4874304.0
4877178.0
4880052.0
4882926.0
4885800.0
4888674.0
4891548.0
4894422.0
4897296.0
4900170.0
4903044.0
4905918.0
4908792.0
4911666.0
4914540.0
4917414.0
4920288.0
4923162.0
4926036.0
4928910.0
4931784.0
4934658.0
4937532.0
4940406.0
4943280.0
4946154.0
4949028.0
4951902.0
4954776.0
4957650.0
4960524.0
4963398.0
4966272.0
4969146.0
4972020.0
4974894.0
4977768.0
4980642.0
4983516.0
4986390.0
4989264.0
4992138.0
4995012.0
4997886.0
5000760.0
5003634.0
5006508.0
5009382.0
5012256.0
5015130.0
5018004.0
5020878.0
5023752.0
5026626.0
5029500.0
5032374.0
5035248.0
5038122.0
5040996.0
5043870.0
5046744.0
5049618.0
5052492.0
5055366.0
5058240.0
5061114.0
5063988.0
5066862.0
5069736.0
5072610.0
5075484.0
5078358.0
5081232.0
5084106.0
5086980.0
5089854.0
5092728.0
5095602.0
5098476.0
5101350.0
5104224.0
5107098.0
5109972.0
5112846.0
5115720.0
5118594.0
5121468.0
5124342.0
5127216.0
5130090.0
5132964.0
5135838.0
5138712.0
5141586.0
5144460.0
5147334.0
5150208.0
5153082.0
5155956.0
5158830.0
5161704.0
5164578.0
5167452.0
5170326.0
5173200.0
5176074.0
5178948.0
5181822.0
5184696.0
5187570.0
5190444.0
5193318.0
5196192.0
5199066.0
5201940.0
5204814.0
5207688.0
5210562.0
5213436.0
5216310.0
5219184.0
5222058.0
5224932.0
5227806.0
5230680.0
5233554.0
5236428.0
5239302.0
5242176.0
5245050.0
5247924.0
5250798.0
5253672.0
5256546.0
5259420.0
5262294.0
5265168.0
5268042.0
5270916.0
5273790.0
5276664.0
5279538.0
5282412.0
5285286.0
5288160.0
5291034.0
5293908.0
5296782.0
5299656.0
5302530.0
5305404.0
5308278.0
5311152.0
5314026.0
5316900.0
5319774.0
5322648.0
5325522.0
5328396.0
5331270.0
5334144.0
5337018.0
5339892.0
5342766.0
5345640.0
5348514.0
5351388.0
5354262.0
5357136.0
5360010.0
5362884.0
5365758.0
5368632.0
5371506.0
5374380.0
5377254.0
5380128.0
5383002.0
5385876.0
5388750.0
5391624.0
5394498.0
5397372.0
5400246.0
5403120.0
5405994.0
5408868.0
5411742.0
5414616.0
5417490.0
5420364.0
5423238.0
5426112.0
5428986.0
5431860.0
5434734.0
5437608.0
5440482.0
5443356.0
5446230.0
5449104.0
5451978.0
5454852.0
5457726.0
5460600.0
5463474.0
5466348.0
5469222.0
5472096.0
5474970.0
5477844.0
5480718.0
5483592.0
5486466.0
5489340.0
5492214.0
5495088.0
5497962.0
5500836.0
5503710.0
5506584.0
5509458.0
5512332.0
5515206.0
5518080.0
5520954.0
5523828.0
5526702.0
5529576.0
5532450.0
5535324.0
5538198.0
5541072.0
5543946.0
5546820.0
5549694.0
5552568.0
5555442.0
5558316.0
5561190.0
5564064.0
5566938.0
5569812.0
5572686.0
5575560.0
5578434.0
5581308.0
5584182.0
5587056.0
5589930.0
5592804.0
5595678.0
5598552.0
5601426.0
5604300.0
5607174.0
5610048.0
5612922.0
5615796.0
5618670.0
5621544.0
5624418.0
5627292.0
5630166.0
5633040.0
5635914.0
5638788.0
5641662.0
5644536.0
5647410.0
5650284.0
5653158.0
5656032.0
5658906.0
5661780.0
5664654.0
5667528.0
5670402.0
5673276.0
5676150.0
5679024.0
5681898.0
5684772.0
5687646.0
5690520.0
5693394.0
5696268.0
5699142.0
5702016.0
5704890.0
5707764.0
5710638.0
5713512.0
5716386.0
5719260.0
5722134.0
5725008.0
5727882.0
5730756.0
5733630.0
5736504.0
5739378.0
5742252.0
5745126.0
5748000.0
5750874.0
5753748.0
5756622.0
5759496.0
5762370.0
5765244.0
5768118.0
5770992.0
5773866.0
5776740.0
5779614.0
5782488.0
5785362.0
5788236.0
5791110.0
5793984.0
5796858.0
5799732.0
5802606.0
5805480.0
5808354.0
5811228.0
5814102.0
5816976.0
5819850.0
5822724.0
5825598.0
5828472.0
5831346.0
5834220.0
5837094.0
5839968.0
5842842.0
5845716.0
5848590.0
5851464.0
5854338.0
5857212.0
5860086.0
5862960.0
5865834.0
5868708.0
5871582.0
5874456.0
5877330.0
5880204.0
5883078.0
5885952.0
5888826.0
5891700.0
5894574.0
5897448.0
5900322.0
5903196.0
5906070.0
5908944.0
5911818.0
5914692.0
5917566.0
5920440.0
5923314.0
5926188.0
5929062.0
5931936.0
5934810.0
5937684.0
5940558.0
5943432.0
5946306.0
5949180.0
5952054.0
5954928.0
5957802.0
5960676.0
5963550.0
5966424.0
5969298.0
5972172.0
5975046.0
5977920.0
5980794.0
5983668.0
5986542.0
5989416.0
5992290.0
5995164.0
5998038.0
6000912.0
6003786.0
6006660.0
6009534.0
6012408.0
6015282.0
6018156.0
6021030.0
6023904.0
6026778.0
6029652.0
6032526.0
6035400.0
6038274.0
6041148.0
6044022.0
6046896.0
6049770.0
6052644.0
6055518.0
6058392.0
6061266.0
6064140.0
6067014.0
6069888.0
6072762.0
6075636.0
6078510.0
6081384.0
6084258.0
6087132.0
6090006.0
6092880.0
6095754.0
6098628.0
6101502.0
6104376.0
6107250.0
6110124.0
6112998.0
6115872.0
6118746.0
6121620.0
6124494.0
6127368.0
6130242.0
6133116.0
6135990.0
6138864.0
6141738.0
6144612.0
6147486.0
6150360.0
6153234.0
6156108.0
6158982.0
6161856.0
6164730.0
6167604.0
6170478.0
6173352.0
6176226.0
6179100.0
6181974.0
6184848.0
6187722.0
6190596.0
6193470.0
6196344.0
6199218.0
6202092.0
6204966.0
6207840.0
6210714.0
6213588.0
6216462.0
6219336.0
6222210.0
6225084.0
6227958.0
6230832.0
6233706.0
6236580.0
6239454.0
6242328.0
6245202.0
6248076.0
6250950.0
6253824.0
6256698.0
6259572.0
6262446.0
6265320.0
6268194.0
6271068.0
6273942.0
6276816.0
6279690.0
6282564.0
6285438.0
6288312.0
6291186.0
6294060.0
6296934.0
6299808.0
6302682.0
6305556.0
6308430.0
6311304.0
6314178.0
6317052.0
6319926.0
6322800.0
6325674.0
6328548.0
6331422.0
6334296.0
6337170.0
6340044.0
6342918.0
6345792.0
6348666.0
6351540.0
6354414.0
6357288.0
6360162.0
6363036.0
6365910.0
6368784.0
6371658.0
6374532.0
6377406.0
6380280.0
6383154.0
6386028.0
6388902.0
6391776.0
6394650.0
6397524.0
6400398.0
6403272.0
6406146.0
6409020.0
6411894.0
6414768.0
6417642.0
6420516.0
6423390.0
6426264.0
6429138.0
6432012.0
6434886.0
6437760.0
6440634.0
6443508.0
6446382.0
6449256.0
6452130.0
6455004.0
6457878.0
6460752.0
6463626.0
6466500.0
6469374.0
6472248.0
6475122.0
6477996.0
6480870.0
6483744.0
6486618.0
6489492.0
6492366.0
6495240.0
6498114.0
6500988.0
6503862.0
6506736.0
6509610.0
6512484.0
6515358.0
6518232.0
6521106.0
6523980.0
6526854.0
6529728.0
6532602.0
6535476.0
6538350.0
6541224.0
6544098.0
6546972.0
6549846.0
6552720.0
6555594.0
6558468.0
6561342.0
6564216.0
6567090.0
6569964.0
6572838.0
6575712.0
6578586.0
6581460.0
6584334.0
6587208.0
6590082.0
6592956.0
6595830.0
6598704.0
6601578.0
6604452.0
6607326.0
6610200.0
6613074.0
6615948.0
6618822.0
6621696.0
6624570.0
6627444.0
6630318.0
6633192.0
6636066.0
6638940.0
6641814.0
6644688.0
6647562.0
6650436.0
6653310.0
6656184.0
6659058.0
6661932.0
6664806.0
6667680.0
6670554.0
6673428.0
6676302.0
6679176.0
6682050.0
6684924.0
6687798.0
6690672.0
6693546.0
6696420.0
6699294.0
6702168.0
6705042.0
6707916.0
6710790.0
6713664.0
6716538.0
6719412.0
6722286.0
6725160.0
6728034.0
6730908.0
6733782.0
6736656.0
6739530.0
6742404.0
6745278.0
6748152.0
6751026.0
6753900.0
6756774.0
6759648.0
6762522.0
6765396.0
6768270.0
6771144.0
6774018.0
6776892.0
6779766.0
6782640.0
6785514.0
6788388.0
6791262.0
6794136.0
6797010.0
6799884.0
6802758.0
6805632.0
6808506.0
6811380.0
6814254.0
6817128.0
6820002.0
6822876.0
6825750.0
6828624.0
6831498.0
6834372.0
6837246.0
6840120.0
6842994.0
6845868.0
6848742.0
6851616.0
6854490.0
6857364.0
6860238.0
6863112.0
6865986.0
6868860.0
6871734.0
6874608.0
6877482.0
6880356.0
6883230.0
6886104.0
6888978.0
6891852.0
6894726.0
6897600.0
6900474.0
6903348.0
6906222.0
6909096.0
6911970.0
6914844.0
6917718.0
6920592.0
6923466.0
6926340.0
6929214.0
6932088.0
6934962.0
6937836.0
6940710.0
6943584.0
6946458.0
6949332.0
6952206.0
6955080.0
6957954.0
6960828.0
6963702.0
6966576.0
6969450.0
6972324.0
6975198.0
6978072.0
6980946.0
6983820.0
6986694.0
6989568.0
6992442.0
6995316.0
6998190.0
7001064.0
7003938.0
7006812.0
7009686.0
7012560.0
7015434.0
7018308.0
7021182.0
7024056.0
7026930.0
7029804.0
7032678.0
7035552.0
7038426.0
7041300.0
7044174.0
7047048.0
7049922.0
7052796.0
7055670.0
7058544.0
7061418.0
7064292.0
7067166.0
7070040.0
7072914.0
7075788.0
7078662.0
7081536.0
7084410.0
7087284.0
7090158.0
7093032.0
7095906.0
7098780.0
7101654.0
7104528.0
7107402.0
7110276.0
7113150.0
7116024.0
7118898.0
7121772.0
7124646.0
7127520.0
7130394.0
7133268.0
7136142.0
7139016.0
7141890.0
7144764.0
7147638.0
7150512.0
7153386.0
7156260.0
7159134.0
7162008.0
7164882.0
7167756.0
7170630.0
7173504.0
7176378.0
7179252.0
7182126.0
7185000.0
7187874.0
7190748.0
7193622.0
7196496.0
7199370.0
7202244.0
7205118.0
7207992.0
7210866.0
7213740.0
7216614.0
7219488.0
7222362.0
7225236.0
7228110.0
7230984.0
7233858.0
7236732.0
7239606.0
7242480.0
7245354.0
7248228.0
7251102.0
7253976.0
7256850.0
7259724.0
7262598.0
7265472.0
7268346.0
7271220.0
7274094.0
7276968.0
7279842.0
7282716.0
7285590.0
7288464.0
7291338.0
7294212.0
7297086.0
7299960.0
7302834.0
7305708.0
7308582.0
7311456.0
7314330.0
7317204.0
7320078.0
7322952.0
7325826.0
7328700.0
7331574.0
7334448.0
7337322.0
7340196.0
7343070.0
7345944.0
7348818.0
7351692.0
7354566.0
7357440.0
7360314.0
7363188.0
7366062.0
7368936.0
7371810.0
7374684.0
7377558.0
7380432.0
7383306.0
7386180.0
7389054.0
7391928.0
7394802.0
7397676.0
7400550.0
7403424.0
7406298.0
7409172.0
7412046.0
7414920.0
7417794.0
7420668.0
7423542.0
7426416.0
7429290.0
7432164.0
7435038.0
7437912.0
7440786.0
7443660.0
7446534.0
7449408.0
7452282.0
7455156.0
7458030.0
7460904.0
7463778.0
7466652.0
7469526.0
7472400.0
7475274.0
7478148.0
7481022.0
7483896.0
7486770.0
7489644.0
7492518.0
7495392.0
7498266.0
7501140.0
7504014.0
7506888.0
7509762.0
7512636.0
7515510.0
7518384.0
7521258.0
7524132.0
7527006.0
7529880.0
7532754.0
7535628.0
7538502.0
7541376.0
7544250.0
7547124.0
7549998.0
7552872.0
7555746.0
7558620.0
7561494.0
7564368.0
7567242.0
7570116.0
7572990.0
7575864.0
7578738.0
7581612.0
7584486.0
7587360.0
7590234.0
7593108.0
7595982.0
7598856.0
7601730.0
7604604.0
7607478.0
7610352.0
7613226.0
7616100.0
7618974.0
7621848.0
7624722.0
7627596.0
7630470.0
7633344.0
7636218.0
7639092.0
7641966.0
7644840.0
7647714.0
7650588.0
7653462.0
7656336.0
7659210.0
7662084.0
7664958.0
7667832.0
7670706.0
7673580.0
7676454.0
7679328.0
7682202.0
7685076.0
7687950.0
7690824.0
7693698.0
7696572.0
7699446.0
7702320.0
7705194.0
7708068.0
7710942.0
7713816.0
7716690.0
7719564.0
7722438.0
7725312.0
7728186.0
7731060.0
7733934.0
7736808.0
7739682.0
7742556.0
7745430.0
7748304.0
7751178.0
7754052.0
7756926.0
7759800.0
7762674.0
7765548.0
7768422.0
7771296.0
7774170.0
7777044.0
7779918.0
7782792.0
7785666.0
7788540.0
7791414.0
7794288.0
7797162.0
7800036.0
7802910.0
7805784.0
7808658.0
7811532.0
7814406.0
7817280.0
7820154.0
7823028.0
7825902.0
7828776.0
7831650.0
7834524.0
7837398.0
7840272.0
7843146.0
7846020.0
7848894.0
7851768.0
7854642.0
7857516.0
7860390.0
7863264.0
7866138.0
7869012.0
7871886.0
7874760.0
7877634.0
7880508.0
7883382.0
7886256.0
7889130.0
7892004.0
7894878.0
7897752.0
7900626.0
7903500.0
7906374.0
7909248.0
7912122.0
7914996.0
7917870.0
7920744.0
7923618.0
7926492.0
7929366.0
7932240.0
7935114.0
7937988.0
7940862.0
7943736.0
7946610.0
7949484.0
7952358.0
7955232.0
7958106.0
7960980.0
7963854.0
7966728.0
7969602.0
7972476.0
7975350.0
7978224.0
7981098.0
7983972.0
7986846.0
7989720.0
7992594.0
7995468.0
7998342.0
8001216.0
8004090.0
8006964.0
8009838.0
8012712.0
8015586.0
8018460.0
8021334.0
8024208.0
8027082.0
8029956.0
8032830.0
8035704.0
8038578.0
8041452.0
8044326.0
8047200.0
8050074.0
8052948.0
8055822.0
8058696.0
8061570.0
8064444.0
8067318.0
8070192.0
8073066.0
8075940.0
8078814.0
8081688.0
8084562.0
8087436.0
8090310.0
8093184.0
8096058.0
8098932.0
8101806.0
8104680.0
8107554.0
8110428.0
8113302.0
8116176.0
8119050.0
8121924.0
8124798.0
8127672.0
8130546.0
8133420.0
8136294.0
8139168.0
8142042.0
8144916.0
8147790.0
8150664.0
8153538.0
8156412.0
8159286.0
8162160.0
8165034.0
8167908.0
8170782.0
8173656.0
8176530.0
8179404.0
8182278.0
8185152.0
8188026.0
8190900.0
8193774.0
8196648.0
8199522.0
8202396.0
8205270.0
8208144.0
8211018.0
8213892.0
8216766.0
8219640.0
8222514.0
8225388.0
8228262.0
8231136.0
8234010.0
8236884.0
8239758.0
8242632.0
8245506.0
8248380.0
8251254.0
8254128.0
8257002.0
8259876.0
8262750.0
8265624.0
8268498.0
8271372.0
8274246.0
8277120.0
8279994.0
8282868.0
8285742.0
8288616.0
8291490.0
8294364.0
8297238.0
8300112.0
8302986.0
8305860.0
8308734.0
8311608.0
8314482.0
8317356.0
8320230.0
8323104.0
8325978.0
8328852.0
8331726.0
8334600.0
8337474.0
8340348.0
8343222.0
8346096.0
8348970.0
8351844.0
8354718.0
8357592.0
8360466.0
8363340.0
8366214.0
8369088.0
8371962.0
8374836.0
8377710.0
8380584.0
8383458.0
8386332.0
8389206.0
8392080.0
8394954.0
8397828.0
8400702.0
8403576.0
8406450.0
8409324.0
8412198.0
8415072.0
8417946.0
8420820.0
8423694.0
8426568.0
8429442.0
8432316.0
8435190.0
8438064.0
8440938.0
8443812.0
8446686.0
8449560.0
8452434.0
8455308.0
8458182.0
8461056.0
8463930.0
8466804.0
8469678.0
8472552.0
8475426.0
8478300.0
8481174.0
8484048.0
8486922.0
8489796.0
8492670.0
8495544.0
8498418.0
8501292.0
8504166.0
8507040.0
8509914.0
8512788.0
8515662.0
8518536.0
8521410.0
8524284.0
8527158.0
8530032.0
8532906.0
8535780.0
8538654.0
8541528.0
8544402.0
8547276.0
8550150.0
8553024.0
8555898.0
8558772.0
8561646.0
8564520.0
8567394.0
8570268.0
8573142.0
8576016.0
8578890.0
8581764.0
8584638.0
8587512.0
8590386.0
8593260.0
8596134.0
8599008.0
8601882.0
8604756.0
8607630.0
8610504.0
8613378.0
8616252.0
8619126.0
8622000.0
8624874.0
8627748.0
8630622.0
8633496.0
8636370.0
8639244.0
8642118.0
8644992.0
8647866.0
8650740.0
8653614.0
8656488.0
8659362.0
8662236.0
8665110.0
8667984.0
8670858.0
8673732.0
8676606.0
8679480.0
8682354.0
8685228.0
8688102.0
8690976.0
8693850.0
8696724.0
8699598.0
8702472.0
8705346.0
8708220.0
8711094.0
8713968.0
8716842.0
8719716.0
8722590.0
8725464.0
8728338.0
8731212.0
8734086.0
8736960.0
8739834.0
8742708.0
8745582.0
8748456.0
8751330.0
8754204.0
8757078.0
8759952.0
8762826.0
8765700.0
8768574.0
8771448.0
8774322.0
8777196.0
8780070.0
8782944.0
8785818.0
8788692.0
8791566.0
8794440.0
8797314.0
8800188.0
8803062.0
8805936.0
8808810.0
8811684.0
8814558.0
8817432.0
8820306.0
8823180.0
8826054.0
8828928.0
8831802.0
8834676.0
8837550.0
8840424.0
8843298.0
8846172.0
8849046.0
8851920.0
8854794.0
8857668.0
8860542.0
8863416.0
8866290.0
8869164.0
8872038.0
8874912.0
8877786.0
8880660.0
8883534.0
8886408.0
8889282.0
8892156.0
8895030.0
8897904.0
8900778.0
8903652.0
8906526.0
8909400.0
8912274.0
8915148.0
8918022.0
8920896.0
8923770.0
8926644.0
8929518.0
8932392.0
8935266.0
8938140.0
8941014.0
8943888.0
8946762.0
8949636.0
8952510.0
8955384.0
8958258.0
8961132.0
8964006.0
8966880.0
8969754.0
8972628.0
8975502.0
8978376.0
8981250.0
8984124.0
8986998.0
8989872.0
8992746.0
8995620.0
8998494.0
9001368.0
9004242.0
9007116.0
9009990.0
9012864.0
9015738.0
9018612.0
9021486.0
9024360.0
9027234.0
9030108.0
9032982.0
9035856.0
9038730.0
9041604.0
9044478.0
9047352.0
9050226.0
9053100.0
9055974.0
9058848.0
9061722.0
9064596.0
9067470.0
9070344.0
9073218.0
9076092.0
9078966.0
9081840.0
9084714.0
9087588.0
9090462.0
9093336.0
9096210.0
9099084.0
9101958.0
9104832.0
9107706.0
9110580.0
9113454.0
9116328.0
9119202.0
9122076.0
9124950.0
9127824.0
9130698.0
9133572.0
9136446.0
9139320.0
9142194.0
9145068.0
9147942.0
9150816.0
9153690.0
9156564.0
9159438.0
9162312.0
9165186.0
9168060.0
9170934.0
9173808.0
9176682.0
9179556.0
9182430.0
9185304.0
9188178.0
9191052.0
9193926.0
9196800.0
9199674.0
9202548.0
9205422.0
9208296.0
9211170.0
9214044.0
9216918.0
9219792.0
9222666.0
9225540.0
9228414.0
9231288.0
9234162.0
9237036.0
9239910.0
9242784.0
9245658.0
9248532.0
9251406.0
9254280.0
9257154.0
9260028.0
9262902.0
9265776.0
9268650.0
9271524.0
9274398.0
9277272.0
9280146.0
9283020.0
9285894.0
9288768.0
9291642.0
9294516.0
9297390.0
9300264.0
9303138.0
9306012.0
9308886.0
9311760.0
9314634.0
9317508.0
9320382.0
9323256.0
9326130.0
9329004.0
9331878.0
9334752.0
9337626.0
9340500.0
9343374.0
9346248.0
9349122.0
9351996.0
9354870.0
9357744.0
9360618.0
9363492.0
9366366.0
9369240.0
9372114.0
9374988.0
9377862.0
9380736.0
9383610.0
9386484.0
9389358.0
9392232.0
9395106.0
9397980.0
9400854.0
9403728.0
9406602.0
9409476.0
9412350.0
9415224.0
9418098.0
9420972.0
9423846.0
9426720.0
9429594.0
9432468.0
9435342.0
9438216.0
9441090.0
9443964.0
9446838.0
9449712.0
9452586.0
9455460.0
9458334.0
9461208.0
9464082.0
9466956.0
9469830.0
9472704.0
9475578.0
9478452.0
9481326.0
9484200.0
9487074.0
9489948.0
9492822.0
9495696.0
9498570.0
9501444.0
9504318.0
9507192.0
9510066.0
9512940.0
9515814.0
9518688.0
9521562.0
9524436.0
9527310.0
9530184.0
9533058.0
9535932.0
9538806.0
9541680.0
9544554.0
9547428.0
9550302.0
9553176.0
9556050.0
9558924.0
9561798.0
9564672.0
9567546.0
9570420.0
9573294.0
9576168.0
9579042.0
9581916.0
9584790.0
9587664.0
9590538.0
9593412.0
9596286.0
9599160.0
9602034.0
9604908.0
9607782.0
9610656.0
9613530.0
9616404.0
9619278.0
9622152.0
9625026.0
9627900.0
9630774.0
9633648.0
9636522.0
9639396.0
9642270.0
9645144.0
9648018.0
9650892.0
9653766.0
9656640.0
9659514.0
9662388.0
9665262.0
9668136.0
9671010.0
9673884.0
9676758.0
9679632.0
9682506.0
9685380.0
9688254.0
9691128.0
9694002.0
9696876.0
9699750.0
9702624.0
9705498.0
9708372.0
9711246.0
9714120.0
9716994.0
9719868.0
9722742.0
9725616.0
9728490.0
9731364.0
9734238.0
9737112.0
9739986.0
9742860.0
9745734.0
9748608.0
9751482.0
9754356.0
9757230.0
9760104.0
9762978.0
9765852.0
9768726.0
9771600.0
9774474.0
9777348.0
9780222.0
9783096.0
9785970.0
9788844.0
9791718.0
9794592.0
9797466.0
9800340.0
9803214.0
9806088.0
9808962.0
9811836.0
9814710.0
9817584.0
9820458.0
9823332.0
9826206.0
9829080.0
9831954.0
9834828.0
9837702.0
9840576.0
9843450.0
9846324.0
9849198.0
9852072.0
9854946.0
9857820.0
9860694.0
9863568.0
9866442.0
9869316.0
9872190.0
9875064.0
9877938.0
9880812.0
9883686.0
9886560.0
9889434.0
9892308.0
9895182.0
9898056.0
9900930.0
9903804.0
9906678.0
9909552.0
9912426.0
9915300.0
9918174.0
9921048.0
9923922.0
9926796.0
9929670.0
9932544.0
9935418.0
9938292.0
9941166.0
9944040.0
9946914.0
9949788.0
9952662.0
9955536.0
9958410.0
9961284.0
9964158.0
9967032.0
9969906.0
9972780.0
9975654.0
9978528.0
9981402.0
9984276.0
9987150.0
9990024.0
9992898.0
9995772.0
9998646.0
10001520.0
10004394.0
10007268.0
10010142.0
10013016.0
10015890.0
10018764.0
10021638.0
10024512.0
10027386.0
10030260.0
10033134.0
10036008.0
10038882.0
10041756.0
10044630.0
10047504.0
10050378.0
10053252.0
10056126.0
10059000.0
10061874.0
10064748.0
10067622.0
10070496.0
10073370.0
10076244.0
10079118.0
10081992.0
10084866.0
10087740.0
10090614.0
10093488.0
10096362.0
10099236.0
10102110.0
10104984.0
10107858.0
10110732.0
10113606.0
10116480.0
10119354.0
10122228.0
10125102.0
10127976.0
10130850.0
10133724.0
10136598.0
10139472.0
10142346.0
10145220.0
10148094.0
10150968.0
10153842.0
10156716.0
10159590.0
10162464.0
10165338.0
10168212.0
10171086.0
10173960.0
10176834.0
10179708.0
10182582.0
10185456.0
10188330.0
10191204.0
10194078.0
10196952.0
10199826.0
10202700.0
10205574.0
10208448.0
10211322.0
10214196.0
10217070.0
10219944.0
10222818.0
10225692.0
10228566.0
10231440.0
10234314.0
10237188.0
10240062.0
10242936.0
10245810.0
10248684.0
10251558.0
10254432.0
10257306.0
10260180.0
10263054.0
10265928.0
10268802.0
10271676.0
10274550.0
10277424.0
10280298.0
10283172.0
10286046.0
10288920.0
10291794.0
10294668.0
10297542.0
10300416.0
10303290.0
10306164.0
10309038.0
10311912.0
10314786.0
10317660.0
10320534.0
10323408.0
10326282.0
10329156.0
10332030.0
10334904.0
10337778.0
10340652.0
10343526.0
10346400.0
10349274.0
10352148.0
10355022.0
10357896.0
10360770.0
10363644.0
10366518.0
10369392.0
10372266.0
10375140.0
10378014.0
10380888.0
10383762.0
10386636.0
10389510.0
10392384.0
10395258.0
10398132.0
10401006.0
10403880.0
10406754.0
10409628.0
10412502.0
10415376.0
10418250.0
10421124.0
10423998.0
10426872.0
10429746.0
10432620.0
10435494.0
10438368.0
10441242.0
10444116.0
10446990.0
10449864.0
10452738.0
10455612.0
10458486.0
10461360.0
10464234.0
10467108.0
10469982.0
10472856.0
10475730.0
10478604.0
10481478.0
10484352.0
10487226.0
10490100.0
10492974.0
10495848.0
10498722.0
10501596.0
10504470.0
10507344.0
10510218.0
10513092.0
10515966.0
10518840.0
10521714.0
10524588.0
10527462.0
10530336.0
10533210.0
10536084.0
10538958.0
10541832.0
10544706.0
10547580.0
10550454.0
10553328.0
10556202.0
10559076.0
10561950.0
10564824.0
10567698.0
10570572.0
10573446.0
10576320.0
10579194.0
10582068.0
10584942.0
10587816.0
10590690.0
10593564.0
10596438.0
10599312.0
10602186.0
10605060.0
10607934.0
10610808.0
10613682.0
10616556.0
10619430.0
10622304.0
10625178.0
10628052.0
10630926.0
10633800.0
10636674.0
10639548.0
10642422.0
10645296.0
10648170.0
10651044.0
10653918.0
10656792.0
10659666.0
10662540.0
10665414.0
10668288.0
10671162.0
10674036.0
10676910.0
10679784.0
10682658.0
10685532.0
10688406.0
10691280.0
10694154.0
10697028.0
10699902.0
10702776.0
10705650.0
10708524.0
10711398.0
10714272.0
10717146.0
10720020.0
10722894.0
10725768.0
10728642.0
10731516.0
10734390.0
10737264.0
10740138.0
10743012.0
10745886.0
10748760.0
10751634.0
10754508.0
10757382.0
10760256.0
10763130.0
10766004.0
10768878.0
10771752.0
10774626.0
10777500.0
10780374.0
10783248.0
10786122.0
10788996.0
10791870.0
10794744.0
10797618.0
10800492.0
10803366.0
10806240.0
10809114.0
10811988.0
10814862.0
10817736.0
10820610.0
10823484.0
10826358.0
10829232.0
10832106.0
10834980.0
10837854.0
10840728.0
10843602.0
10846476.0
10849350.0
10852224.0
10855098.0
10857972.0
10860846.0
10863720.0
10866594.0
10869468.0
10872342.0
10875216.0
10878090.0
10880964.0
10883838.0
10886712.0
10889586.0
10892460.0
10895334.0
10898208.0
10901082.0
10903956.0
10906830.0
10909704.0
10912578.0
10915452.0
10918326.0
10921200.0
10924074.0
10926948.0
10929822.0
10932696.0
10935570.0
10938444.0
10941318.0
10944192.0
10947066.0
10949940.0
10952814.0
10955688.0
10958562.0
10961436.0
10964310.0
10967184.0
10970058.0
10972932.0
10975806.0
10978680.0
10981554.0
10984428.0
10987302.0
10990176.0
10993050.0
10995924.0
10998798.0
11001672.0
11004546.0
11007420.0
11010294.0
11013168.0
11016042.0
11018916.0
11021790.0
11024664.0
11027538.0
11030412.0
11033286.0
11036160.0
11039034.0
11041908.0
11044782.0
11047656.0
11050530.0
11053404.0
11056278.0
11059152.0
11062026.0
11064900.0
11067774.0
11070648.0
11073522.0
11076396.0
11079270.0
11082144.0
11085018.0
11087892.0
11090766.0
11093640.0
11096514.0
11099388.0
11102262.0
11105136.0
11108010.0
11110884.0
11113758.0
11116632.0
11119506.0
11122380.0
11125254.0
11128128.0
11131002.0
11133876.0
11136750.0
11139624.0
11142498.0
11145372.0
11148246.0
11151120.0
11153994.0
11156868.0
11159742.0
11162616.0
11165490.0
11168364.0
11171238.0
11174112.0
11176986.0
11179860.0
11182734.0
11185608.0
11188482.0
11191356.0
11194230.0
11197104.0
11199978.0
11202852.0
11205726.0
11208600.0
11211474.0
11214348.0
11217222.0
11220096.0
11222970.0
11225844.0
11228718.0
11231592.0
11234466.0
11237340.0
11240214.0
11243088.0
11245962.0
11248836.0
11251710.0
11254584.0
11257458.0
11260332.0
11263206.0
11266080.0
11268954.0
11271828.0
11274702.0
11277576.0
11280450.0
11283324.0
11286198.0
11289072.0
11291946.0
11294820.0
11297694.0
11300568.0
11303442.0
11306316.0
11309190.0
11312064.0
11314938.0
11317812.0
11320686.0
11323560.0
11326434.0
11329308.0
11332182.0
11335056.0
11337930.0
11340804.0
11343678.0
11346552.0
11349426.0
11352300.0
11355174.0
11358048.0
11360922.0
11363796.0
11366670.0
11369544.0
11372418.0
11375292.0
11378166.0
11381040.0
11383914.0
11386788.0
11389662.0
11392536.0
11395410.0
11398284.0
11401158.0
11404032.0
11406906.0
11409780.0
11412654.0
11415528.0
11418402.0
11421276.0
11424150.0
11427024.0
11429898.0
11432772.0
11435646.0
11438520.0
11441394.0
11444268.0
11447142.0
11450016.0
11452890.0
11455764.0
11458638.0
11461512.0
11464386.0
11467260.0
11470134.0
11473008.0
11475882.0
11478756.0
11481630.0
11484504.0
11487378.0
11490252.0
11493126.0
11496000.0
11498874.0
11501748.0
11504622.0
11507496.0
11510370.0
11513244.0
11516118.0
11518992.0
11521866.0
11524740.0
11527614.0
11530488.0
11533362.0
11536236.0
11539110.0
11541984.0
11544858.0
11547732.0
11550606.0
11553480.0
11556354.0
11559228.0
11562102.0
11564976.0
11567850.0
11570724.0
11573598.0
11576472.0
11579346.0
11582220.0
11585094.0
11587968.0
11590842.0
11593716.0
11596590.0
11599464.0
11602338.0
11605212.0
11608086.0
11610960.0
11613834.0
11616708.0
11619582.0
11622456.0
11625330.0
11628204.0
11631078.0
11633952.0
11636826.0
11639700.0
11642574.0
11645448.0
11648322.0
11651196.0
11654070.0
11656944.0
11659818.0
11662692.0
11665566.0
11668440.0
11671314.0
11674188.0
11677062.0
11679936.0
11682810.0
11685684.0
11688558.0
11691432.0
11694306.0
11697180.0
11700054.0
11702928.0
11705802.0
11708676.0
11711550.0
11714424.0
11717298.0
11720172.0
11723046.0
11725920.0
11728794.0
11731668.0
11734542.0
11737416.0
11740290.0
11743164.0
11746038.0
11748912.0
11751786.0
11754660.0
11757534.0
11760408.0
11763282.0
11766156.0
11769030.0
11771904.0
11774778.0
11777652.0
11780526.0
11783400.0
11786274.0
11789148.0
11792022.0
11794896.0
11797770.0
11800644.0
11803518.0
11806392.0
11809266.0
11812140.0
11815014.0
11817888.0
11820762.0
11823636.0
11826510.0
11829384.0
11832258.0
11835132.0
11838006.0
11840880.0
11843754.0
11846628.0
11849502.0
11852376.0
11855250.0
11858124.0
11860998.0
11863872.0
11866746.0
11869620.0
11872494.0
11875368.0
11878242.0
11881116.0
11883990.0
11886864.0
11889738.0
11892612.0
11895486.0
11898360.0
11901234.0
11904108.0
11906982.0
11909856.0
11912730.0
11915604.0
11918478.0
11921352.0
11924226.0
11927100.0
11929974.0
11932848.0
11935722.0
11938596.0
11941470.0
11944344.0
11947218.0
11950092.0
11952966.0
11955840.0
11958714.0
11961588.0
11964462.0
11967336.0
11970210.0
11973084.0
11975958.0
11978832.0
11981706.0
11984580.0
11987454.0
11990328.0
11993202.0
11996076.0
11998950.0
12001824.0
12004698.0
12007572.0
12010446.0
12013320.0
12016194.0
12019068.0
12021942.0
12024816.0
12027690.0
12030564.0
12033438.0
12036312.0
12039186.0
12042060.0
12044934.0
12047808.0
12050682.0
12053556.0
12056430.0
12059304.0
12062178.0
12065052.0
12067926.0
12070800.0
12073674.0
12076548.0
12079422.0
12082296.0
12085170.0
12088044.0
12090918.0
12093792.0
12096666.0
12099540.0
12102414.0
12105288.0
12108162.0
12111036.0
12113910.0
12116784.0
12119658.0
12122532.0
12125406.0
12128280.0
12131154.0
12134028.0
12136902.0
12139776.0
12142650.0
12145524.0
12148398.0
12151272.0
12154146.0
12157020.0
12159894.0
12162768.0
12165642.0
12168516.0
12171390.0
12174264.0
12177138.0
12180012.0
12182886.0
12185760.0
12188634.0
12191508.0
12194382.0
12197256.0
12200130.0
12203004.0
12205878.0
12208752.0
12211626.0
12214500.0
12217374.0
12220248.0
12223122.0
12225996.0
12228870.0
12231744.0
12234618.0
12237492.0
12240366.0
12243240.0
12246114.0
12248988.0
12251862.0
12254736.0
12257610.0
12260484.0
12263358.0
12266232.0
12269106.0
12271980.0
12274854.0
12277728.0
12280602.0
12283476.0
12286350.0
12289224.0
12292098.0
12294972.0
12297846.0
12300720.0
12303594.0
12306468.0
12309342.0
12312216.0
12315090.0
12317964.0
12320838.0
12323712.0
12326586.0
12329460.0
12332334.0
12335208.0
12338082.0
12340956.0
12343830.0
12346704.0
12349578.0
12352452.0
12355326.0
12358200.0
12361074.0
12363948.0
12366822.0
12369696.0
12372570.0
12375444.0
12378318.0
12381192.0
12384066.0
12386940.0
12389814.0
12392688.0
12395562.0
12398436.0
12401310.0
12404184.0
12407058.0
12409932.0
12412806.0
12415680.0
12418554.0
12421428.0
12424302.0
12427176.0
12430050.0
12432924.0
12435798.0
12438672.0
12441546.0
12444420.0
12447294.0
12450168.0
12453042.0
12455916.0
12458790.0
12461664.0
12464538.0
12467412.0
12470286.0
12473160.0
12476034.0
12478908.0
12481782.0
12484656.0
12487530.0
12490404.0
12493278.0
12496152.0
12499026.0
12501900.0
12504774.0
12507648.0
12510522.0
12513396.0
12516270.0
12519144.0
12522018.0
12524892.0
12527766.0
12530640.0
12533514.0
12536388.0
12539262.0
12542136.0
12545010.0
12547884.0
12550758.0
12553632.0
12556506.0
12559380.0
12562254.0
12565128.0
12568002.0
12570876.0
12573750.0
12576624.0
12579498.0
12582372.0
12585246.0
12588120.0
12590994.0
12593868.0
12596742.0
12599616.0
12602490.0
12605364.0
12608238.0
12611112.0
12613986.0
12616860.0
12619734.0
12622608.0
12625482.0
12628356.0
12631230.0
12634104.0
12636978.0
12639852.0
12642726.0
12645600.0
12648474.0
12651348.0
12654222.0
12657096.0
12659970.0
12662844.0
12665718.0
12668592.0
12671466.0
12674340.0
12677214.0
12680088.0
12682962.0
12685836.0
12688710.0
12691584.0
12694458.0
12697332.0
12700206.0
12703080.0
12705954.0
12708828.0
12711702.0
12714576.0
12717450.0
12720324.0
12723198.0
12726072.0
12728946.0
12731820.0
12734694.0
12737568.0
12740442.0
12743316.0
12746190.0
12749064.0
12751938.0
12754812.0
12757686.0
12760560.0
12763434.0
12766308.0
12769182.0
12772056.0
12774930.0
12777804.0
12780678.0
12783552.0
12786426.0
12789300.0
12792174.0
12795048.0
12797922.0
12800796.0
12803670.0
12806544.0
12809418.0
12812292.0
12815166.0
12818040.0
12820914.0
12823788.0
12826662.0
12829536.0
12832410.0
12835284.0
12838158.0
12841032.0
12843906.0
12846780.0
12849654.0
12852528.0
12855402.0
12858276.0
12861150.0
12864024.0
12866898.0
12869772.0
12872646.0
12875520.0
12878394.0
12881268.0
12884142.0
12887016.0
12889890.0
12892764.0
12895638.0
12898512.0
12901386.0
12904260.0
12907134.0
12910008.0
12912882.0
12915756.0
12918630.0
12921504.0
12924378.0
12927252.0
12930126.0
12933000.0
12935874.0
12938748.0
12941622.0
12944496.0
12947370.0
12950244.0
12953118.0
12955992.0
12958866.0
12961740.0
12964614.0
12967488.0
12970362.0
12973236.0
12976110.0
12978984.0
12981858.0
12984732.0
12987606.0
12990480.0
12993354.0
12996228.0
12999102.0
13001976.0
13004850.0
13007724.0
13010598.0
13013472.0
13016346.0
13019220.0
13022094.0
13024968.0
13027842.0
13030716.0
13033590.0
13036464.0
13039338.0
13042212.0
13045086.0
13047960.0
13050834.0
13053708.0
13056582.0
13059456.0
13062330.0
13065204.0
13068078.0
13070952.0
13073826.0
13076700.0
13079574.0
13082448.0
13085322.0
13088196.0
13091070.0
13093944.0
13096818.0
13099692.0
13102566.0
13105440.0
13108314.0
13111188.0
13114062.0
13116936.0
13119810.0
13122684.0
13125558.0
13128432.0
13131306.0
13134180.0
13137054.0
13139928.0
13142802.0
13145676.0
13148550.0
13151424.0
13154298.0
13157172.0
13160046.0
13162920.0
13165794.0
13168668.0
13171542.0
13174416.0
13177290.0
13180164.0
13183038.0
13185912.0
13188786.0
13191660.0
13194534.0
13197408.0
13200282.0
13203156.0
13206030.0
13208904.0
13211778.0
13214652.0
13217526.0
13220400.0
13223274.0
13226148.0
13229022.0
13231896.0
13234770.0
13237644.0
13240518.0
13243392.0
13246266.0
13249140.0
13252014.0
13254888.0
13257762.0
13260636.0
13263510.0
13266384.0
13269258.0
13272132.0
13275006.0
13277880.0
13280754.0
13283628.0
13286502.0
13289376.0
13292250.0
13295124.0
13297998.0
13300872.0
13303746.0
13306620.0
13309494.0
13312368.0
13315242.0
13318116.0
13320990.0
13323864.0
13326738.0
13329612.0
13332486.0
13335360.0
13338234.0
13341108.0
13343982.0
13346856.0
13349730.0
13352604.0
13355478.0
13358352.0
13361226.0
13364100.0
13366974.0
13369848.0
13372722.0
13375596.0
13378470.0
13381344.0
13384218.0
13387092.0
13389966.0
13392840.0
13395714.0
13398588.0
13401462.0
13404336.0
13407210.0
13410084.0
13412958.0
13415832.0
13418706.0
13421580.0
13424454.0
13427328.0
13430202.0
13433076.0
13435950.0
13438824.0
13441698.0
13444572.0
13447446.0
13450320.0
13453194.0
13456068.0
13458942.0
13461816.0
13464690.0
13467564.0
13470438.0
13473312.0
13476186.0
13479060.0
13481934.0
13484808.0
13487682.0
13490556.0
13493430.0
13496304.0
13499178.0
13502052.0
13504926.0
13507800.0
13510674.0
13513548.0
13516422.0
13519296.0
13522170.0
13525044.0
13527918.0
13530792.0
13533666.0
13536540.0
13539414.0
13542288.0
13545162.0
13548036.0
13550910.0
13553784.0
13556658.0
13559532.0
13562406.0
13565280.0
13568154.0
13571028.0
13573902.0
13576776.0
13579650.0
13582524.0
13585398.0
13588272.0
13591146.0
13594020.0
13596894.0
13599768.0
13602642.0
13605516.0
13608390.0
13611264.0
13614138.0
13617012.0
13619886.0
13622760.0
13625634.0
13628508.0
13631382.0
13634256.0
13637130.0
13640004.0
13642878.0
13645752.0
13648626.0
13651500.0
13654374.0
13657248.0
13660122.0
13662996.0
13665870.0
13668744.0
13671618.0
13674492.0
13677366.0
13680240.0
13683114.0
13685988.0
13688862.0
13691736.0
13694610.0
13697484.0
13700358.0
13703232.0
13706106.0
13708980.0
13711854.0
13714728.0
13717602.0
13720476.0
13723350.0
13726224.0
13729098.0
13731972.0
13734846.0
13737720.0
13740594.0
13743468.0
13746342.0
13749216.0
13752090.0
13754964.0
13757838.0
13760712.0
13763586.0
13766460.0
13769334.0
13772208.0
13775082.0
13777956.0
13780830.0
13783704.0
13786578.0
13789452.0
13792326.0
13795200.0
13798074.0
13800948.0
13803822.0
13806696.0
13809570.0
13812444.0
13815318.0
13818192.0
13821066.0
13823940.0
13826814.0
13829688.0
13832562.0
13835436.0
13838310.0
13841184.0
13844058.0
13846932.0
13849806.0
13852680.0
13855554.0
13858428.0
13861302.0
13864176.0
13867050.0
13869924.0
13872798.0
13875672.0
13878546.0
13881420.0
13884294.0
13887168.0
13890042.0
13892916.0
13895790.0
13898664.0
13901538.0
13904412.0
13907286.0
13910160.0
13913034.0
13915908.0
13918782.0
13921656.0
13924530.0
13927404.0
13930278.0
13933152.0
13936026.0
13938900.0
13941774.0
13944648.0
13947522.0
13950396.0
13953270.0
13956144.0
13959018.0
13961892.0
13964766.0
13967640.0
13970514.0
13973388.0
13976262.0
13979136.0
13982010.0
13984884.0
13987758.0
13990632.0
13993506.0
13996380.0
13999254.0
14002128.0
14005002.0
14007876.0
14010750.0
14013624.0
14016498.0
14019372.0
14022246.0
14025120.0
14027994.0
14030868.0
14033742.0
14036616.0
14039490.0
14042364.0
14045238.0
14048112.0
14050986.0
14053860.0
14056734.0
14059608.0
14062482.0
14065356.0
14068230.0
14071104.0
14073978.0
14076852.0
14079726.0
14082600.0
14085474.0
14088348.0
14091222.0
14094096.0
14096970.0
14099844.0
14102718.0
14105592.0
14108466.0
14111340.0
14114214.0
14117088.0
14119962.0
14122836.0
14125710.0
14128584.0
14131458.0
14134332.0
14137206.0
14140080.0
14142954.0
14145828.0
14148702.0
14151576.0
14154450.0
14157324.0
14160198.0
14163072.0
14165946.0
14168820.0
14171694.0
14174568.0
14177442.0
14180316.0
14183190.0
14186064.0
14188938.0
14191812.0
14194686.0
14197560.0
14200434.0
14203308.0
14206182.0
14209056.0
14211930.0
14214804.0
14217678.0
14220552.0
14223426.0
14226300.0
14229174.0
14232048.0
14234922.0
14237796.0
14240670.0
14243544.0
14246418.0
14249292.0
14252166.0
14255040.0
14257914.0
14260788.0
14263662.0
14266536.0
14269410.0
14272284.0
14275158.0
14278032.0
14280906.0
14283780.0
14286654.0
14289528.0
14292402.0
14295276.0
14298150.0
14301024.0
14303898.0
14306772.0
14309646.0
14312520.0
14315394.0
14318268.0
14321142.0
14324016.0
14326890.0
14329764.0
14332638.0
14335512.0
14338386.0
14341260.0
14344134.0
14347008.0
14349882.0
14352756.0
14355630.0
14358504.0
14361378.0
14364252.0
14367126.0
14370000.0
14372874.0
14375748.0
14378622.0
14381496.0
14384370.0
14387244.0
14390118.0
14392992.0
14395866.0
14398740.0
14401614.0
14404488.0
14407362.0
14410236.0
14413110.0
14415984.0
14418858.0
14421732.0
14424606.0
14427480.0
14430354.0
14433228.0
14436102.0
14438976.0
14441850.0
14444724.0
14447598.0
14450472.0
14453346.0
14456220.0
14459094.0
14461968.0
14464842.0
14467716.0
14470590.0
14473464.0
14476338.0
14479212.0
14482086.0
14484960.0
14487834.0
14490708.0
14493582.0
14496456.0
14499330.0
14502204.0
14505078.0
14507952.0
14510826.0
14513700.0
14516574.0
14519448.0
14522322.0
14525196.0
14528070.0
14530944.0
14533818.0
14536692.0
14539566.0
14542440.0
14545314.0
14548188.0
14551062.0
14553936.0
14556810.0
14559684.0
14562558.0
14565432.0
14568306.0
14571180.0
14574054.0
14576928.0
14579802.0
14582676.0
14585550.0
14588424.0
14591298.0
14594172.0
14597046.0
14599920.0
14602794.0
14605668.0
14608542.0
14611416.0
14614290.0
14617164.0
14620038.0
14622912.0
14625786.0
14628660.0
14631534.0
14634408.0
14637282.0
14640156.0
14643030.0
14645904.0
14648778.0
14651652.0
14654526.0
14657400.0
14660274.0
14663148.0
14666022.0
14668896.0
14671770.0
14674644.0
14677518.0
14680392.0
14683266.0
14686140.0
14689014.0
14691888.0
14694762.0
14697636.0
14700510.0
14703384.0
14706258.0
14709132.0
14712006.0
14714880.0
14717754.0
14720628.0
14723502.0
14726376.0
14729250.0
14732124.0
14734998.0
14737872.0
14740746.0
14743620.0
14746494.0
14749368.0
14752242.0
14755116.0
14757990.0
14760864.0
14763738.0
14766612.0
14769486.0
14772360.0
14775234.0
14778108.0
14780982.0
14783856.0
14786730.0
14789604.0
14792478.0
14795352.0
14798226.0
14801100.0
14803974.0
14806848.0
14809722.0
14812596.0
14815470.0
14818344.0
14821218.0
14824092.0
14826966.0
14829840.0
14832714.0
14835588.0
14838462.0
14841336.0
14844210.0
14847084.0
14849958.0
14852832.0
14855706.0
14858580.0
14861454.0
14864328.0
14867202.0
14870076.0
14872950.0
14875824.0
14878698.0
14881572.0
14884446.0
14887320.0
14890194.0
14893068.0
14895942.0
14898816.0
14901690.0
14904564.0
14907438.0
14910312.0
14913186.0
14916060.0
14918934.0
14921808.0
14924682.0
14927556.0
14930430.0
14933304.0
14936178.0
14939052.0
14941926.0
14944800.0
14947674.0
14950548.0
14953422.0
14956296.0
14959170.0
14962044.0
14964918.0
14967792.0
14970666.0
14973540.0
14976414.0
14979288.0
14982162.0
14985036.0
14987910.0
14990784.0
14993658.0
14996532.0
14999406.0
