0,0,0,0,0
1000,0,0,0,0
2000,0,0,0,0
3000,0,0,0,0
4000,0,0,0,0
5000,0,0,0,0
6000,0,0,0,0
7000,0,0,0,0
8000,0,0,0,0
9000,0,0,0,0
10000,0,0,0,0
11000,0,0,0,0
12000,0,0,0,0
13000,0,0,0,0
14000,0,0,0,0
15000,0,0,0,0
16000,0,0,0,0
17000,0,0,0,0
18000,0,0,0,0
19000,0,0,0,0
20000,0,0,0,0
21000,0,0,0,0
22000,0,0,0,0
23000,0,0,0,0
24000,0,0,0,0
25000,0,0,0,0
26000,0,0,0,0
27000,0,0,0,0
28000,0,0,0,0
29000,0,0,0,0
30000,0,0,0,0
31000,0,0,0,0
32000,0,0,0,0
33000,0,0,0,0
34000,0,0,0,0
35000,0,0,0,0
36000,0,0,0,0
37000,0,0,0,0
38000,0,0,0,0
39000,0,0,0,0
40000,0,0,0,0
41000,0,0,0,0
42000,0,0,0,0
43000,0,0,0,0
44000,0,0,0,0
45000,0,0,0,0
46000,0,0,0,0
47000,344,1,344,1
48000,521,0,865,1
49000,569,7,1434,8
50000,437,7,1871,15
51000,278,8,2149,23
52000,383,88,2532,111
53000,1247,332,3779,443
54000,264,15,4043,458
55000,343,27,4386,485
56000,769,80,5155,565
57000,213,6,5368,571
58000,171,2,5539,573
59000,166,1,5705,574
60000,219,4,5924,578
61000,338,4,6262,582
62000,201,1,6463,583
63000,195,0,6658,583
64000,256,1,6914,584
65000,760,2,7674,586
66000,590,5,8264,591
67000,165,4,8429,595
68000,139,0,8568,595
69000,3118,2,11686,597
70000,914,0,12600,597
71000,353,0,12953,597
72000,500,3,13453,600
73000,284,14,13737,614
74000,251,10,13988,624
75000,778,2,14766,626
76000,361,2,15127,628
77000,238,6,15365,634
78000,210,1,15575,635
79000,251,3,15826,638
80000,961,2,16787,640
81000,783,3,17570,643
82000,605,3,18175,646
83000,350,4,18525,650
84000,341,2,18866,652
85000,1236,0,20102,652
86000,581,2,20683,654
87000,416,0,21099,654
88000,279,0,21378,654
89000,254,1,21632,655
90000,1049,2,22681,657
91000,310,0,22991,657
92000,272,5,23263,662
93000,299,7,23562,669
94000,330,0,23892,669
95000,1135,0,25027,669
96000,370,2,25397,671
97000,387,0,25784,671
98000,197,1,25981,672
99000,260,0,26241,672
100000,729,0,26970,672
101000,467,0,27437,672
102000,544,0,27981,672
103000,403,0,28384,672
104000,280,0,28664,672
105000,247,0,28911,672
106000,1142,3,30053,675
107000,322,0,30375,675
108000,361,0,30736,675
109000,413,1,31149,676
110000,228,0,31377,676
111000,1281,31,32658,707
112000,262,0,32920,707
113000,898,3,33818,710
114000,519,4,34337,714
115000,180,1,34517,715
116000,1014,0,35531,715
117000,831,2,36362,717
118000,487,0,36849,717
119000,138,0,36987,717
120000,1264,4,38251,721
121000,346,1,38597,722
122000,1441,1,40038,723
123000,512,12,40550,735
124000,611,1,41161,736
125000,742,0,41903,736
126000,942,2,42845,738
127000,479,0,43324,738
128000,751,0,44075,738
129000,1061,1,45136,739
130000,900,2,46036,741
131000,235,0,46271,741
132000,1091,0,47362,741
133000,884,0,48246,741
134000,826,0,49072,741
135000,863,0,49935,741
136000,976,0,50911,741
137000,790,0,51701,741
138000,925,0,52626,741
139000,293,0,52919,741
140000,1562,0,54481,741
141000,479,0,54960,741
142000,499,4,55459,745
143000,1529,4,56988,749
144000,459,9,57447,758
145000,941,0,58388,758
146000,1416,0,59804,758
147000,455,3,60259,761
148000,917,0,61176,761
149000,1211,0,62387,761
150000,948,0,63335,761
151000,1364,6,64699,767
152000,487,0,65186,767
153000,1551,36,66737,803
154000,622,0,67359,803
155000,1747,0,69106,803
156000,577,1,69683,804
157000,812,0,70495,804
158000,1274,6,71769,810
159000,336,0,72105,810
160000,1692,1,73797,811
161000,452,0,74249,811
162000,1517,0,75766,811
163000,411,0,76177,811
164000,1517,0,77694,811
165000,642,2,78336,813
166000,1922,0,80258,813
167000,498,0,80756,813
168000,2121,0,82877,813
169000,651,11,83528,824
170000,971,1,84499,825
171000,1404,3,85903,828
172000,972,1,86875,829
173000,1726,17,88601,846
174000,1737,1,90338,847
175000,845,0,91183,847
176000,1918,3,93101,850
177000,837,4,93938,854
178000,2088,9,96026,863
179000,1095,3,97121,866
180000,1628,14,98749,880
181000,1546,5,100295,885
182000,818,1,101113,886
183000,1289,0,102402,886
184000,1496,12,103898,898
185000,1323,4,105221,902
186000,1294,2,106515,904
187000,662,0,107177,904
188000,1916,7,109093,911
189000,617,2,109710,913
190000,1075,1,110785,914
191000,1275,0,112060,914
192000,400,0,112460,914
193000,966,6,113426,920
194000,1410,8,114836,928
195000,1513,5,116349,933
196000,1224,0,117573,933
197000,529,1,118102,934
198000,2073,0,120175,934
199000,631,1,120806,935
200000,987,4,121793,939
201000,2083,1,123876,940
202000,664,0,124540,940
203000,1662,0,126202,940
204000,642,3,126844,943
205000,678,6,127522,949
206000,1584,1,129106,950
207000,610,0,129716,950
208000,1835,1,131551,951
209000,792,4,132343,955
210000,686,1,133029,956
211000,1689,1,134718,957
212000,451,0,135169,957
213000,1605,0,136774,957
214000,563,0,137337,957
215000,986,7,138323,964
216000,1724,3,140047,967
217000,1067,0,141114,967
218000,1986,1,143100,968
219000,867,3,143967,971
220000,734,0,144701,971
221000,1721,1,146422,972
222000,543,0,146965,972
223000,1879,7,148844,979
224000,752,1,149596,980
225000,709,5,150305,985
226000,2198,1,152503,986
227000,718,11,153221,997
228000,1926,0,155147,997
229000,573,0,155720,997
230000,679,3,156399,1000
231000,1748,5,158147,1005
232000,572,2,158719,1007
233000,1985,0,160704,1007
234000,764,0,161468,1007
235000,620,0,162088,1007
236000,1642,0,163730,1007
237000,516,0,164246,1007
238000,1823,4,166069,1011
239000,658,0,166727,1011
240000,1918,0,168645,1011
241000,538,0,169183,1011
242000,714,6,169897,1017
243000,1761,0,171658,1017
244000,1083,1,172741,1018
245000,1773,2,174514,1020
246000,549,1,175063,1021
